
LINEAR 600

scoring
              precision    recall  f1-score   support

         0.0       0.50      0.91      0.64      2875
         1.0       0.43      0.88      0.58      3226
         2.0       0.00      0.00      0.00        13
         3.0       0.02      0.21      0.04        53
         4.0       0.98      0.58      0.73     29944
         5.0       0.30      0.77      0.43       961
         6.0       0.04      0.39      0.06        33
         7.0       0.23      0.85      0.36       393
         8.0       0.27      0.75      0.40        77
         9.0       0.00      0.00      0.00         1
        10.0       0.11      0.69      0.19        91
        11.0       0.00      0.00      0.00         6
        12.0       0.15      0.88      0.25        42
        13.0       0.09      0.55      0.15        60
        14.0       0.89      0.96      0.92      2811
        15.0       0.15      0.86      0.25       321
        16.0       0.62      0.60      0.61      2852

    accuracy                           0.66     43759
   macro avg       0.28      0.58      0.33     43759
weighted avg       0.84      0.66      0.70     43759

LINEAR 1000
             precision    recall  f1-score   support

         0.0       0.50      0.91      0.65      1461
         1.0       0.43      0.88      0.58      1616
         2.0       0.00      0.00      0.00         9
         3.0       0.02      0.21      0.04        29
         4.0       0.98      0.59      0.73     14964
         5.0       0.33      0.80      0.47       524
         6.0       0.04      0.44      0.08        18
         7.0       0.24      0.83      0.37       198
         8.0       0.30      0.72      0.42        39
         9.0       0.00      0.00      0.00         1
        10.0       0.10      0.68      0.17        40
        11.0       0.00      0.00      0.00         4
        12.0       0.14      0.86      0.25        22
        13.0       0.09      0.59      0.15        27
        14.0       0.88      0.97      0.92      1427
        15.0       0.15      0.84      0.25       163
        16.0       0.62      0.61      0.62      1412

    accuracy                           0.66     21954
   macro avg       0.28      0.58      0.33     21954
weighted avg       0.84      0.66      0.70     21954

RBF 1000

              precision    recall  f1-score   support

         0.0       0.90      0.97      0.93      1461
         1.0       0.87      0.98      0.92      1616
         2.0       0.00      0.00      0.00         9
         3.0       0.05      0.72      0.10        29
         4.0       0.99      0.82      0.90     14964
         5.0       0.59      0.89      0.71       524
         6.0       0.08      0.72      0.14        18
         7.0       0.39      0.91      0.54       198
         8.0       0.34      0.90      0.50        39
         9.0       0.00      0.00      0.00         1
        10.0       0.09      0.82      0.16        40
        11.0       0.00      0.00      0.00         4
        12.0       0.50      1.00      0.67        22
        13.0       0.11      0.74      0.20        27
        14.0       0.98      0.98      0.98      1427
        15.0       0.17      0.88      0.29       163
        16.0       0.94      0.92      0.93      1412

    accuracy                           0.86     21954
   macro avg       0.41      0.72      0.47     21954
weighted avg       0.95      0.86      0.89     21954



